vtx1 1.25 0.0 0.02
vtx2 1.25 0.0 0.05
vtx3 1.25 0.0 0.1
vtx4 1.25 0.0 0.15
vtx5 1.25 0.0 0.18
vtx6 1.25 0.0 0.22
vtx7 1.25 0.0 0.25
vtx8 1.25 0.0 0.3
vtx9 1.25 0.0 0.35
vtx10 1.25 0.0 0.4
vtx11 1.25 0.0 0.45
vtx12 1.25 0.0 0.5
vtx13 1.25 0.0 0.55
vtx14 1.25 0.0 0.6
vtx15 1.25 0.0 0.65
vtx16 1.25 0.0 0.7
vtx17 1.25 0.0 0.75
vtx18 1.25 0.0 0.8
vtx19 1.25 0.05 0.05
vtx20 1.25 0.05 0.1
vtx21 1.25 0.05 0.15
vtx22 1.25 0.05 0.18
vtx23 1.25 0.05 0.22
vtx24 1.25 0.05 0.25
vtx25 1.25 0.05 0.3
vtx26 1.25 0.05 0.35
vtx27 1.25 0.05 0.4
vtx28 1.25 0.05 0.45
vtx29 1.25 0.05 0.5
vtx30 1.25 0.05 0.55
vtx31 1.25 0.05 0.6
vtx32 1.25 0.05 0.65
vtx33 1.25 0.05 0.7
vtx34 1.25 0.05 0.75
vtx35 1.25 0.05 0.8
vtx36 1.25 0.1 0.1
vtx37 1.25 0.1 0.15
vtx38 1.25 0.1 0.18
vtx39 1.25 0.1 0.22
vtx40 1.25 0.1 0.25
vtx41 1.25 0.1 0.3
vtx42 1.25 0.1 0.35
vtx43 1.25 0.1 0.4
vtx44 1.25 0.1 0.45
vtx45 1.25 0.1 0.5
vtx46 1.25 0.1 0.55
vtx47 1.25 0.1 0.6
vtx48 1.25 0.1 0.65
vtx49 1.25 0.1 0.7
vtx50 1.25 0.1 0.75
vtx51 1.25 0.1 0.8
vtx52 1.25 0.15 0.15
vtx53 1.25 0.15 0.18
vtx54 1.25 0.15 0.22
vtx55 1.25 0.15 0.25
vtx56 1.25 0.15 0.3
vtx57 1.25 0.15 0.35
vtx58 1.25 0.15 0.4
vtx59 1.25 0.15 0.45
vtx60 1.25 0.15 0.5
vtx61 1.25 0.15 0.55
vtx62 1.25 0.15 0.6
vtx63 1.25 0.15 0.65
vtx64 1.25 0.15 0.7
vtx65 1.25 0.15 0.75
vtx66 1.25 0.15 0.8
vtx67 1.25 0.18 0.18
vtx68 1.25 0.18 0.22
vtx69 1.25 0.18 0.25
vtx70 1.25 0.18 0.3
vtx71 1.25 0.18 0.35
vtx72 1.25 0.18 0.4
vtx73 1.25 0.18 0.45
vtx74 1.25 0.18 0.5
vtx75 1.25 0.18 0.55
vtx76 1.25 0.18 0.6
vtx77 1.25 0.18 0.65
vtx78 1.25 0.18 0.7
vtx79 1.25 0.18 0.75
vtx80 1.25 0.18 0.8
vtx81 1.25 0.22 0.22
vtx82 1.25 0.22 0.25
vtx83 1.25 0.22 0.3
vtx84 1.25 0.22 0.35
vtx85 1.25 0.22 0.4
vtx86 1.25 0.22 0.45
vtx87 1.25 0.22 0.5
vtx88 1.25 0.22 0.55
vtx89 1.25 0.22 0.6
vtx90 1.25 0.22 0.65
vtx91 1.25 0.22 0.7
vtx92 1.25 0.22 0.75
vtx93 1.25 0.22 0.8
vtx94 1.25 0.25 0.25
vtx95 1.25 0.25 0.3
vtx96 1.25 0.25 0.35
vtx97 1.25 0.25 0.4
vtx98 1.25 0.25 0.45
vtx99 1.25 0.25 0.5
vtx100 1.25 0.25 0.55
vtx101 1.25 0.25 0.6
vtx102 1.25 0.25 0.65
vtx103 1.25 0.25 0.7
vtx104 1.25 0.25 0.75
vtx105 1.25 0.25 0.8
vtx106 1.25 0.3 0.3
vtx107 1.25 0.3 0.35
vtx108 1.25 0.3 0.4
vtx109 1.25 0.3 0.45
vtx110 1.25 0.3 0.5
vtx111 1.25 0.3 0.55
vtx112 1.25 0.3 0.6
vtx113 1.25 0.3 0.65
vtx114 1.25 0.3 0.7
vtx115 1.25 0.3 0.75
vtx116 1.25 0.3 0.8
vtx117 1.25 0.35 0.35
vtx118 1.25 0.35 0.4
vtx119 1.25 0.35 0.45
vtx120 1.25 0.35 0.5
vtx121 1.25 0.35 0.55
vtx122 1.25 0.35 0.65
vtx123 1.25 0.35 0.7
vtx124 1.25 0.35 0.75
vtx125 1.25 0.35 0.8
vtx126 1.25 0.4 0.4
vtx127 1.25 0.4 0.45
vtx128 1.25 0.4 0.5
vtx129 1.25 0.4 0.55
vtx130 1.25 0.4 0.6
vtx131 1.25 0.4 0.65
vtx132 1.25 0.4 0.7
vtx133 1.25 0.4 0.75
vtx134 1.25 0.4 0.8
vtx135 1.25 0.45 0.45
vtx136 1.25 0.45 0.5
vtx137 1.25 0.45 0.55
vtx138 1.25 0.45 0.6
vtx139 1.25 0.45 0.65
vtx140 1.25 0.45 0.7
vtx141 1.25 0.45 0.75
vtx142 1.25 0.45 0.8
vtx143 1.25 0.5 0.5
vtx144 1.25 0.5 0.55
vtx145 1.25 0.5 0.6
vtx146 1.25 0.5 0.65
vtx147 1.25 0.5 0.7
vtx148 1.25 0.5 0.75
vtx149 1.25 0.5 0.8
vtx150 1.25 0.55 0.55
vtx151 1.25 0.55 0.6
vtx152 1.25 0.55 0.65
vtx153 1.25 0.55 0.7
vtx154 1.25 0.55 0.75
vtx155 1.25 0.55 0.8
vtx156 1.25 0.6 0.6
vtx157 1.25 0.6 0.65
vtx158 1.25 0.6 0.7
vtx159 1.25 0.6 0.75
vtx160 1.25 0.6 0.8
vtx161 1.25 0.65 0.65
vtx162 1.25 0.65 0.7
vtx163 1.25 0.65 0.75
vtx164 1.25 0.65 0.8
vtx165 1.25 0.7 0.7
vtx166 1.25 0.7 0.75
vtx167 1.25 0.7 0.8
vtx168 1.25 0.75 0.75
vtx169 1.25 0.75 0.8
vtx170 1.25 0.8 0.8
