11  pixel1  0.25  1.0  -1.0
9  pixel2  0.25  1.0  -0.6000000000000001
10  pixel3  0.25  1.0  -0.2
7  pixel4  0.25  1.0  0.2
8  pixel5  0.25  1.0  0.6000000000000001
5  pixel6  0.25  1.0  1.0
6  pixel7  0.25  0.6000000000000001  -1.0
3  pixel8  0.25  0.6000000000000001  -0.6000000000000001
4  pixel9  0.25  0.6000000000000001  -0.2
25  pixel10  0.25  0.6000000000000001  0.2
26  pixel11  0.25  0.6000000000000001  0.6000000000000001
27  pixel12  0.25  0.6000000000000001  1.0
28  pixel13  0.25  0.2  -1.0
21  pixel14  0.25  0.2  -0.6000000000000001
22  pixel15  0.25  0.2  -0.2
23  pixel16  0.25  0.2  0.2
24  pixel17  0.25  0.2  0.6000000000000001
19  pixel18  0.25  0.2  1.0
20  pixel19  0.25  -0.2  -1.0
34  pixel20  0.25  -0.2  -0.6000000000000001
33  pixel21  0.25  -0.2  -0.2
36  pixel22  0.25  -0.2  0.2
35  pixel23  0.25  -0.2  0.6000000000000001
38  pixel24  0.25  -0.2  1.0
37  pixel25  0.25  -0.6000000000000001  -1.0
40  pixel26  0.25  -0.6000000000000001  -0.6000000000000001
39  pixel27  0.25  -0.6000000000000001  -0.2
32  pixel28  0.25  -0.6000000000000001  0.2
31  pixel29  0.25  -0.6000000000000001  0.6000000000000001
17  pixel30  0.25  -0.6000000000000001  1.0
18  pixel31  0.25  -1.0  -1.0
15  pixel32  0.25  -1.0  -0.6000000000000001
16  pixel33  0.25  -1.0  -0.2
13  pixel34  0.25  -1.0  0.2
14  pixel35  0.25  -1.0  0.6000000000000001
12  pixel36  0.25  -1.0  1.0
