domains 22 23 33 36
0.75 0 0
0.75 0.05 -0.15
0.75 0.10 -0.15
0.75 0.15 -0.15
0.75 -0.05 -0.15
0.75 -0.10 -0.15
0.75 -0.15 -0.15
0.75 0.05 -0.10
0.75 0.10 -0.10
0.75 0.15 -0.10
0.75 -0.05 -0.10
0.75 -0.10 -0.10
0.75 -0.15 -0.10
0.75 0.05 -0.05
0.75 0.10 -0.05
0.75 0.15 -0.05
0.75 -0.05 -0.05
0.75 -0.10 -0.05
0.75 -0.15 -0.05
0.75 0.05 0.0
0.75 0.10 0.0
0.75 0.15 0.0
0.75 -0.05 0.0
0.75 -0.10 0.0
0.75 -0.15 0.0
0.75 0.05 0.15
0.75 0.10 0.15
0.75 0.15 0.15
0.75 -0.05 0.15
0.75 -0.10 0.15
0.75 -0.15 0.15
0.75 0.05 0.10
0.75 0.10 0.10
0.75 0.15 0.10
0.75 -0.05 0.10
0.75 -0.10 0.10
0.75 -0.15 0.10
0.75 0.05 0.05
0.75 0.10 0.05
0.75 0.15 0.05
0.75 -0.05 0.05
0.75 -0.10 0.05
0.75 -0.15 0.05
0.75 0.00 0.05
0.75 0.00 0.10
0.75 0.00 0.15
0.75 0.00 -0.05
0.75 0.00 -0.10
0.75 0.00 -0.15
